28, 70 
61, 25 
9, 33 
86, 7 
83, 31 
14, 48 
92, 3 
52, 31 
21, 88 
39, 63 
64, 87 
24, 73 
10, 64 
79, 67 
11, 84 
87, 85 
88, 90 
11, 98 
22, 15 
13, 16 
92, 18 
10, 12 
62, 60 
5, 10 
57, 28 
21, 40 
27, 16 
66, 29 
93, 62 
16, 6 
59, 16 
71, 9 
24, 14 
85, 99 
94, 8 
89, 90 
65, 16 
86, 27 
36, 89 
95, 75 
48, 90 
51, 20 
65, 58 
53, 0 
24, 44 
48, 95 
26, 90 
43, 42 
83, 87 
1, 42 
84, 77 
24, 31 
58, 85 
67, 2 
4, 15 
65, 73 
16, 98 
73, 59 
63, 84 
27, 0 
82, 69 
98, 68 
57, 8 
10, 3 
12, 97 
60, 5 
69, 28 
32, 39 
31, 19 
21, 25 
18, 62 
77, 51 
78, 80 
47, 21 
38, 64 
52, 0 
0, 74 
40, 68 
38, 68 
32, 6 
31, 76 
83, 52 
55, 38 
81, 59 
82, 49 
42, 95 
63, 28 
11, 83 
10, 58 
25, 60 
97, 48 
0, 71 
95, 7 
94, 27 
29, 64 
99, 29 
85, 23 
7, 67 
0, 95 
23, 12 
45, 22 
66, 25 
26, 11 
16, 94 
86, 3 
25, 19 
34, 33 
43, 45 
36, 96 
18, 77 
8, 17 
39, 71 
66, 22 
54, 73 
69, 42 
25, 23 
84, 1 
94, 57 
78, 63 
1, 49 
2, 83 
2, 76 
26, 34 
79, 17 
87, 25 
92, 64 
65, 3 
17, 20 
3, 11 
96, 36 
14, 89 
96, 74 
48, 70 
75, 41 
69, 58 
59, 7 
50, 84 
97, 26 
15, 46 
82, 86 
5, 72 
27, 92 
47, 11 
56, 15 
91, 89 
81, 65 
22, 16 
88, 95 
64, 31 
36, 26 
66, 5 
25, 21 
69, 4 
70, 16 
16, 49 
44, 55 
12, 30 
99, 30 
22, 94 
15, 14 
93, 74 
82, 50 
23, 40 
18, 87 
57, 74 
70, 51 
12, 21 
80, 13 
64, 80 
97, 8 
91, 25 
5, 17 
81, 76 
35, 81 
88, 62 
87, 65 
90, 42 
82, 67 
73, 2 
7, 29 
87, 96 
58, 96 
88, 64 
62, 56 
11, 23 
57, 25 
44, 36 
13, 29 
59, 61 
57, 44 
84, 7 
85, 77 
74, 25 
50, 56 
94, 89 
97, 94 
17, 78 
22, 32 
25, 99 
23, 74 
58, 77 
36, 41 
15, 11 
1, 80 
28, 34 
18, 69 
38, 76 
16, 27 
26, 20 
14, 75 
99, 34 
5, 42 
35, 0 
51, 77 
78, 55 
67, 46 
93, 3 
87, 92 
8, 71 
94, 39 
40, 15 
77, 89 
83, 62 
93, 16 
77, 31 
41, 88 
18, 66 
25, 73 
85, 45 
28, 34 
7, 65 
30, 62 
5, 28 
15, 75 
21, 80 
2, 96 
5, 43 
94, 79 
96, 5 
71, 37 
94, 70 
78, 23 
9, 54 
16, 72 
2, 29 
32, 30 
84, 62 
56, 93 
30, 63 
68, 94 
51, 2 
45, 43 
0, 94 
50, 27 
9, 2 
75, 69 
57, 62 
8, 3 
75, 57 
70, 0 
3, 87 
72, 2 
58, 7 
56, 75 
71, 33 
29, 39 
43, 91 
47, 95 
6, 75 
90, 34 
83, 22 
13, 38 
63, 16 
62, 47 
40, 60 
4, 39 
75, 57 
85, 7 
95, 4 
82, 22 
65, 48 
11, 44 
39, 63 
35, 83 
91, 13 
38, 36 
46, 45 
50, 5 
84, 72 
84, 44 
75, 51 
75, 30 
4, 34 
57, 3 
84, 67 
60, 46 
7, 43 
98, 2 
0, 83 
15, 41 
95, 35 
25, 81 
15, 42 
14, 47 
44, 23 
38, 29 
2, 28 
60, 88 
26, 57 
56, 79 
89, 57 
19, 53 
28, 50 
5, 48 
37, 39 
56, 68 
19, 62 
8, 26 
14, 51 
90, 86 
79, 54 
17, 11 
77, 60 
2, 82 
59, 95 
85, 41 
37, 93 
12, 28 
55, 3 
27, 31 
97, 62 
94, 0 
17, 93 
78, 73 
33, 89 
94, 5 
56, 72 
5, 84 
99, 77 
86, 38 
55, 98 
58, 47 
22, 44 
93, 78 
70, 50 
70, 36 
50, 23 
49, 45 
65, 67 
70, 97 
8, 64 
82, 37 
39, 31 
77, 37 
8, 80 
78, 64 
49, 37 
64, 55 
84, 89 
44, 3 
88, 13 
93, 98 
8, 83 
75, 84 
87, 5 
40, 81 
78, 81 
9, 85 
41, 90 
35, 61 
3, 93 
55, 51 
75, 74 
3, 41 
40, 58 
42, 44 
39, 81 
71, 74 
63, 87 
93, 22 
39, 90 
85, 63 
20, 46 
90, 11 
17, 37 
45, 4 
15, 95 
19, 53 
84, 22 
17, 18 
36, 17 
43, 58 
27, 70 
68, 24 
68, 13 
81, 87 
99, 67 
26, 94 
91, 8 
47, 65 
67, 93 
28, 65 
49, 30 
2, 33 
98, 26 
36, 55 
22, 15 
32, 68 
60, 53 
77, 83 
15, 88 
26, 8 
75, 95 
5, 97 
58, 1 
17, 20 
22, 22 
81, 54 
9, 46 
45, 6 
25, 37 
41, 77 
56, 81 
75, 26 
87, 74 
96, 69 
6, 14 
76, 3 
19, 32 
49, 18 
57, 43 
25, 93 
27, 32 
9, 58 
63, 10 
67, 95 
23, 88 
4, 36 
13, 31 
20, 3 
44, 65 
82, 68 
81, 9 
45, 93 
16, 17 
28, 83 
92, 2 
29, 3 
94, 92 
83, 38 
8, 23 
6, 3 
96, 25 
15, 71 
32, 84 
33, 38 
10, 13 
58, 23 
6, 42 
7, 67 
23, 60 
68, 24 
4, 3 
64, 94 
67, 11 
57, 70 
20, 41 
51, 53 
82, 6 
48, 98 
3, 59 
31, 36 
46, 6 
52, 8 
73, 74 
72, 43 
65, 74 
37, 47 
86, 29 
73, 85 
88, 1 
22, 86 
1, 20 
13, 65 
33, 96 
95, 61 
83, 63 
91, 89 
47, 81 
75, 40 
16, 94 
99, 42 
63, 14 
56, 25 
81, 67 
52, 78 
39, 45 
9, 53 
49, 22 
78, 75 
56, 10 
99, 71 
92, 66 
78, 61 
80, 51 
84, 82 
14, 95 
77, 71 
62, 36 
30, 15 
3, 63 
67, 53 
86, 66 
48, 46 
52, 53 
66, 33 
21, 62 
31, 93 
44, 41 
49, 28 
24, 7 
85, 47 
25, 10 
76, 33 
8, 98 
39, 0 
3, 19 
45, 36 
76, 59 
90, 26 
25, 38 
55, 57 
10, 92 
65, 8 
79, 43 
89, 78 
60, 40 
98, 73 
72, 32 
32, 71 
99, 23 
13, 63 
45, 65 
91, 99 
83, 91 
54, 93 
83, 80 
79, 70 
77, 48 
22, 18 
41, 53 
80, 23 
47, 60 
65, 22 
2, 40 
76, 40 
39, 43 
93, 28 
36, 17 
95, 17 
38, 59 
67, 13 
39, 78 
45, 36 
31, 54 
17, 87 
13, 70 
34, 8 
32, 20 
14, 23 
9, 52 
48, 92 
98, 96 
41, 54 
93, 29 
31, 13 
6, 84 
19, 34 
64, 36 
44, 70 
14, 81 
72, 54 
1, 98 
37, 19 
19, 72 
82, 67 
98, 44 
0, 9 
92, 73 
97, 17 
25, 90 
14, 4 
18, 54 
72, 34 
10, 63 
51, 72 
65, 89 
40, 82 
20, 67 
37, 94 
31, 37 
99, 55 
31, 6 
12, 59 
67, 53 
43, 84 
85, 23 
31, 48 
10, 65 
5, 42 
50, 76 
68, 52 
33, 11 
0, 18 
40, 1 
91, 90 
80, 34 
98, 20 
55, 91 
97, 98 
41, 98 
77, 33 
74, 45 
29, 47 
39, 96 
39, 74 
64, 92 
31, 32 
89, 78 
37, 12 
24, 30 
5, 56 
40, 86 
96, 74 
71, 42 
30, 3 
16, 7 
38, 20 
50, 97 
1, 4 
41, 8 
57, 79 
98, 54 
20, 99 
17, 44 
20, 52 
80, 21 
22, 55 
90, 21 
39, 92 
79, 99 
45, 97 
1, 26 
95, 80 
16, 86 
74, 60 
18, 80 
96, 65 
3, 38 
24, 13 
5, 35 
67, 23 
15, 2 
75, 4 
46, 41 
65, 30 
1, 87 
19, 98 
20, 81 
82, 25 
24, 93 
18, 64 
49, 98 
7, 48 
48, 14 
75, 90 
5, 97 
67, 34 
71, 55 
76, 15 
88, 27 
20, 40 
12, 7 
61, 40 
83, 25 
85, 20 
3, 5 
61, 63 
99, 18 
36, 22 
55, 19 
40, 52 
29, 76 
56, 11 
31, 84 
52, 52 
58, 31 
85, 54 
11, 78 
56, 77 
5, 91 
94, 5 
43, 26 
68, 34 
34, 57 
94, 37 
24, 29 
63, 65 
31, 65 
1, 75 
12, 2 
44, 88 
61, 95 
22, 24 
85, 78 
21, 32 
53, 78 
99, 24 
68, 12 
41, 33 
34, 88 
21, 18 
90, 58 
98, 47 
50, 25 
3, 53 
53, 31 
82, 89 
13, 87 
73, 24 
11, 37 
6, 81 
42, 34 
15, 53 
28, 88 
93, 50 
0, 0 
21, 54 
22, 6 
47, 40 
57, 47 
49, 48 
37, 81 
39, 77 
17, 94 
43, 12 
38, 6 
24, 95 
31, 17 
55, 2 
30, 90 
51, 19 
64, 46 
72, 81 
80, 62 
58, 96 
7, 94 
35, 88 
4, 44 
90, 97 
3, 16 
65, 30 
34, 57 
84, 57 
84, 67 
73, 64 
79, 21 
58, 95 
21, 44 
61, 55 
78, 87 
17, 84 
23, 86 
21, 57 
93, 44 
45, 26 
29, 6 
76, 24 
15, 85 
47, 61 
39, 99 
58, 94 
49, 58 
58, 9 
92, 8 
0, 16 
47, 73 
57, 26 
10, 4 
85, 97 
55, 68 
80, 24 
84, 38 
26, 54 
98, 91 
48, 51 
76, 33 
98, 19 
44, 34 
22, 47 
32, 57 
25, 62 
78, 60 
4, 99 
62, 77 
40, 98 
7, 70 
45, 91 
98, 81 
15, 99 
14, 15 
31, 74 
71, 91 
45, 77 
14, 13 
75, 67 
17, 40 
74, 33 
78, 28 
90, 80 
24, 39 
96, 64 
70, 80 
6, 67 
64, 49 
40, 92 
42, 12 
73, 23 
62, 0 
94, 31 
71, 89 
67, 71 
17, 16 
6, 98 
39, 33 
75, 12 
14, 56 
85, 5 
63, 82 
74, 96 
61, 18 
31, 4 
57, 70 
83, 19 
65, 59 
17, 29 
50, 96 
76, 64 
1, 23 
71, 29 
64, 93 
98, 37 
43, 16 
98, 25 
88, 13 
95, 54 
63, 33 
0, 23 
54, 96 
71, 75 
40, 97 
48, 31 
30, 27 
70, 49 
68, 42 
60, 84 
71, 32 
29, 36 
20, 72 
69, 46 
61, 89 
61, 13 
73, 81 
91, 73 
59, 46 
0, 73 
89, 7 
59, 63 
73, 64 
30, 51 
35, 97 
49, 92 
20, 22 
91, 56 
5, 19 
21, 99 
44, 22 
5, 20 
49, 99 
69, 66 
42, 58 
2, 28 
61, 96 
85, 82 
4, 6 
86, 56 
45, 29 
75, 96 
63, 76 
86, 49 
17, 46 
61, 50 
38, 47 
81, 19 
31, 39 
72, 75 
18, 26 
81, 69 
76, 61 
39, 65 
95, 99 
35, 83 
25, 6 
89, 63 
32, 82 
2, 21 
15, 13 
87, 28 
78, 48 
43, 29 
14, 41 
85, 99 
41, 28 
25, 42 
30, 20 
11, 14 
18, 42 
66, 32 
7, 26 
13, 59 
95, 76 
2, 0 
72, 71 
35, 18 
40, 70 
5, 62 
38, 83 
94, 99 
37, 5 
51, 86 
50, 78 
48, 24 
80, 84 
66, 5 
41, 57 
82, 48 
59, 27 
44, 74 
98, 61 
11, 4 
46, 87 
45, 93 
80, 5 
20, 56 
47, 53 
85, 96 
61, 42 
34, 30 
86, 90 
96, 71 
27, 86 
79, 15 
35, 72 
23, 32 
57, 48 
53, 53 
13, 65 
49, 97 
65, 61 
48, 86 
66, 14 
88, 37 
95, 49 
9, 9 
2, 6 
45, 1 
68, 99 
57, 60 
2, 23 
23, 13 
11, 81 
55, 82 
60, 82 
85, 87 
47, 71 
32, 86 
20, 82 
53, 39 
3, 24 
25, 12 
39, 17 
71, 40 
96, 29 
64, 83 
59, 16 
22, 31 
59, 65 
54, 19 
0, 22 
26, 12 